10 -1 0 0 0 0 0 0 0 0 10 -1 0 0 0 0 0 0 0 0 10 -1 0 0 0 0 0 0 0 0 10 -1 0 0 0 0 0 0 0 0 10 -1 0 0 0 0 0 0 0 0
4 11 0 0 1 0 0 1 0 0 4 11 0 0 1 0 0 1 0 0 4 11 0 0 1 0 0 1 0 0 4 11 0 0 1 0 0 1 0 0 4 11 0 0 1 0 0 1 0 0
1 2 12 2 0 0 3 0 0 1 1 2 12 2 0 0 3 0 0 1 1 2 12 2 0 0 3 0 0 1 1 2 12 2 0 0 3 0 0 1 1 2 12 2 0 0 3 0 0 1
0 0 0 13 1 0 0 1 0 0 0 0 0 13 1 0 0 1 0 0 0 0 0 13 1 0 0 1 0 0 0 0 0 13 1 0 0 1 0 0 0 0 0 13 1 0 0 1 0 0
0 0 0 3 14 2 0 -1 2 0 0 0 0 3 14 2 0 -1 2 0 0 0 0 3 14 2 0 -1 2 0 0 0 0 3 14 2 0 -1 2 0 0 0 0 3 14 2 0 -1 2 0
0 0 0 1 0 15 2 0 -2 2 0 0 0 1 0 15 2 0 -2 2 0 0 0 1 0 15 2 0 -2 2 0 0 0 1 0 15 2 0 -2 2 0 0 0 1 0 15 2 0 -2 2
0 0 0 1 0 2 16 0 2 1 0 0 0 1 0 2 16 0 2 1 0 0 0 1 0 2 16 0 2 1 0 0 0 1 0 2 16 0 2 1 0 0 0 1 0 2 16 0 2 1
0 0 0 3 2 2 0 17 2 0 0 0 0 3 2 2 0 17 2 0 0 0 0 3 2 2 0 17 2 0 0 0 0 3 2 2 0 17 2 0 0 0 0 3 2 2 0 17 2 0
0 0 0 1 0 3 2 0 18 2 0 0 0 1 0 3 2 0 18 2 0 0 0 1 0 3 2 0 18 2 0 0 0 1 0 3 2 0 18 2 0 0 0 1 0 3 2 0 18 2
0 0 0 1 0 2 4 0 2 19 0 0 0 1 0 2 4 0 2 19 0 0 0 1 0 2 4 0 2 19 0 0 0 1 0 2 4 0 2 19 0 0 0 1 0 2 4 0 2 19
10 -1 0 0 0 0 0 0 0 0 20 -1 0 0 0 0 0 0 0 0 10 -1 0 0 0 0 0 0 0 0 10 -1 0 0 0 0 0 0 0 0 10 -1 0 0 0 0 0 0 0 0
4 11 0 0 1 0 0 1 0 0 4 21 0 0 1 0 0 1 0 0 4 11 0 0 1 0 0 1 0 0 4 11 0 0 1 0 0 1 0 0 4 11 0 0 1 0 0 1 0 0
1 2 12 2 0 0 3 0 0 1 1 2 22 2 0 0 3 0 0 1 1 2 12 2 0 0 3 0 0 1 1 2 12 2 0 0 3 0 0 1 1 2 12 2 0 0 3 0 0 1
0 0 0 13 1 0 0 1 0 0 0 0 0 23 1 0 0 1 0 0 0 0 0 13 1 0 0 1 0 0 0 0 0 13 1 0 0 1 0 0 0 0 0 13 1 0 0 1 0 0
0 0 0 3 14 2 0 -1 2 0 0 0 0 3 24 2 0 -1 2 0 0 0 0 3 14 2 0 -1 2 0 0 0 0 3 14 2 0 -1 2 0 0 0 0 3 14 2 0 -1 2 0
0 0 0 1 0 15 2 0 -2 2 0 0 0 1 0 25 2 0 -2 2 0 0 0 1 0 15 2 0 -2 2 0 0 0 1 0 15 2 0 -2 2 0 0 0 1 0 15 2 0 -2 2
0 0 0 1 0 2 16 0 2 1 0 0 0 1 0 2 26 0 2 1 0 0 0 1 0 2 16 0 2 1 0 0 0 1 0 2 16 0 2 1 0 0 0 1 0 2 16 0 2 1
0 0 0 3 2 2 0 17 2 0 0 0 0 3 2 2 0 27 2 0 0 0 0 3 2 2 0 17 2 0 0 0 0 3 2 2 0 17 2 0 0 0 0 3 2 2 0 17 2 0
0 0 0 1 0 3 2 0 18 2 0 0 0 1 0 3 2 0 28 2 0 0 0 1 0 3 2 0 18 2 0 0 0 1 0 3 2 0 18 2 0 0 0 1 0 3 2 0 18 2
0 0 0 1 0 2 4 0 2 19 0 0 0 1 0 2 4 0 2 29 0 0 0 1 0 2 4 0 2 19 0 0 0 1 0 2 4 0 2 19 0 0 0 1 0 2 4 0 2 19
10 -1 0 0 0 0 0 0 0 0 10 -1 0 0 0 0 0 0 0 0 30 -1 0 0 0 0 0 0 0 0 10 -1 0 0 0 0 0 0 0 0 10 -1 0 0 0 0 0 0 0 0
4 11 0 0 1 0 0 1 0 0 4 11 0 0 1 0 0 1 0 0 4 31 0 0 1 0 0 1 0 0 4 11 0 0 1 0 0 1 0 0 4 11 0 0 1 0 0 1 0 0
1 2 12 2 0 0 3 0 0 1 1 2 12 2 0 0 3 0 0 1 1 2 32 2 0 0 3 0 0 1 1 2 12 2 0 0 3 0 0 1 1 2 12 2 0 0 3 0 0 1
0 0 0 13 1 0 0 1 0 0 0 0 0 13 1 0 0 1 0 0 0 0 0 33 1 0 0 1 0 0 0 0 0 13 1 0 0 1 0 0 0 0 0 13 1 0 0 1 0 0
0 0 0 3 14 2 0 -1 2 0 0 0 0 3 14 2 0 -1 2 0 0 0 0 3 34 2 0 -1 2 0 0 0 0 3 14 2 0 -1 2 0 0 0 0 3 14 2 0 -1 2 0
0 0 0 1 0 15 2 0 -2 2 0 0 0 1 0 15 2 0 -2 2 0 0 0 1 0 35 2 0 -2 2 0 0 0 1 0 15 2 0 -2 2 0 0 0 1 0 15 2 0 -2 2
0 0 0 1 0 2 16 0 2 1 0 0 0 1 0 2 16 0 2 1 0 0 0 1 0 2 36 0 2 1 0 0 0 1 0 2 16 0 2 1 0 0 0 1 0 2 16 0 2 1
0 0 0 3 2 2 0 17 2 0 0 0 0 3 2 2 0 17 2 0 0 0 0 3 2 2 0 37 2 0 0 0 0 3 2 2 0 17 2 0 0 0 0 3 2 2 0 17 2 0
0 0 0 1 0 3 2 0 18 2 0 0 0 1 0 3 2 0 18 2 0 0 0 1 0 3 2 0 38 2 0 0 0 1 0 3 2 0 18 2 0 0 0 1 0 3 2 0 18 2
0 0 0 1 0 2 4 0 2 19 0 0 0 1 0 2 4 0 2 19 0 0 0 1 0 2 4 0 2 39 0 0 0 1 0 2 4 0 2 19 0 0 0 1 0 2 4 0 2 19
10 -1 0 0 0 0 0 0 0 0 10 -1 0 0 0 0 0 0 0 0 10 -1 0 0 0 0 0 0 0 0 40 -1 0 0 0 0 0 0 0 0 10 -1 0 0 0 0 0 0 0 0
4 11 0 0 1 0 0 1 0 0 4 11 0 0 1 0 0 1 0 0 4 11 0 0 1 0 0 1 0 0 4 41 1 0 0 1 0 0 1 0 0 4 11 0 0 1 0 0 1 0 0
1 2 12 2 0 0 3 0 0 1 1 2 12 2 0 0 3 0 0 1 1 2 12 2 0 0 3 0 0 1 1 2 42 2 0 0 3 0 0 1 1 2 12 2 0 0 3 0 0 1
0 0 0 13 1 0 0 1 0 0 0 0 0 13 1 0 0 1 0 0 0 0 0 13 1 0 0 1 0 0 0 0 0 43 1 0 0 1 0 0 0 0 0 13 1 0 0 1 0 0
0 0 0 3 14 2 0 -1 2 0 0 0 0 3 14 2 0 -1 2 0 0 0 0 3 14 2 0 -1 2 0 0 0 0 3 44 2 0 -1 2 0 0 0 0 3 14 2 0 -1 2 0
0 0 0 1 0 15 2 0 -2 2 0 0 0 1 0 15 2 0 -2 2 0 0 0 1 0 15 2 0 -2 2 0 0 0 1 0 45 2 0 -2 2 0 0 0 1 0 15 2 0 -2 2
0 0 0 1 0 2 16 0 2 1 0 0 0 1 0 2 16 0 2 1 0 0 0 1 0 2 16 0 2 1 0 0 0 1 0 2 46 0 2 1 0 0 0 1 0 2 16 0 2 1
0 0 0 3 2 2 0 17 2 0 0 0 0 3 2 2 0 17 2 0 0 0 0 3 2 2 0 17 2 0 0 0 0 3 2 2 0 47 2 0 0 0 0 3 2 2 0 17 2 0
0 0 0 1 0 3 2 0 18 2 0 0 0 1 0 3 2 0 18 2 0 0 0 1 0 3 2 0 18 2 0 0 0 1 0 3 2 0 48 2 0 0 0 1 0 3 2 0 18 2
0 0 0 1 0 2 4 0 2 19 0 0 0 1 0 2 4 0 2 19 0 0 0 1 0 2 4 0 2 19 0 0 0 1 0 2 4 0 2 49 0 0 0 1 0 2 4 0 2 19
10 -1 0 0 0 0 0 0 0 0 10 -1 0 0 0 0 0 0 0 0 10 -1 0 0 0 0 0 0 0 0 10 -1 0 0 0 0 0 0 0 0 50 -1 0 0 0 0 0 0 0 0
4 11 0 0 1 0 0 1 0 0 4 11 0 0 1 0 0 1 0 0 4 11 0 0 1 0 0 1 0 0 4 11 0 0 1 0 0 1 0 0 4 51 0 0 1 0 0 1 0 0
1 2 12 2 0 0 3 0 0 1 1 2 12 2 0 0 3 0 0 1 1 2 12 2 0 0 3 0 0 1 1 2 12 2 0 0 3 0 0 1 1 2 52 2 0 0 3 0 0 1
0 0 0 13 1 0 0 1 0 0 0 0 0 13 1 0 0 1 0 0 0 0 0 13 1 0 0 1 0 0 0 0 0 13 1 0 0 1 0 0 0 0 0 53 1 0 0 1 0 0
0 0 0 3 14 2 0 -1 2 0 0 0 0 3 14 2 0 -1 2 0 0 0 0 3 14 2 0 -1 2 0 0 0 0 3 14 2 0 -1 2 0 0 0 0 3 54 2 0 -1 2 0
0 0 0 1 0 15 2 0 -2 2 0 0 0 1 0 15 2 0 -2 2 0 0 0 1 0 15 2 0 -2 2 0 0 0 1 0 15 2 0 -2 2 0 0 0 1 0 55 2 0 -2 2
0 0 0 1 0 2 16 0 2 1 0 0 0 1 0 2 16 0 2 1 0 0 0 1 0 2 16 0 2 1 0 0 0 1 0 2 16 0 2 1 0 0 0 1 0 2 56 0 2 1
0 0 0 3 2 2 0 17 2 0 0 0 0 3 2 2 0 17 2 0 0 0 0 3 2 2 0 17 2 0 0 0 0 3 2 2 0 17 2 0 0 0 0 3 2 2 0 57 2 0
0 0 0 1 0 3 2 0 18 2 0 0 0 1 0 3 2 0 18 2 0 0 0 1 0 3 2 0 18 2 0 0 0 1 0 3 2 0 18 2 0 0 0 1 0 3 2 0 58 2
0 0 0 1 0 2 4 0 2 19 0 0 0 1 0 2 4 0 2 19 0 0 0 1 0 2 4 0 2 19 0 0 0 1 0 2 4 0 2 19 0 0 0 1 0 2 4 0 2 59
